Id,SalePrice
1461,134050.45418584184
1462,163110.4645879194
1463,168539.1308244709
1464,188257.8785777822
1465,223958.11036277702
1466,183669.88243077265
1467,170370.92699825938
1468,174836.03060998872
1469,204374.32158064807
1470,104706.22279355896
1471,210773.09362258762
1472,129695.62883977499
1473,117109.2894872271
1474,170914.67167317576
1475,155703.557211395
1476,318317.5451721606
1477,265995.8173696372
1478,289465.61731131526
1479,274153.4750451079
1480,372477.90632608894
1481,293165.0366758972
1482,233547.1799679154
1483,184933.99541865755
1484,194501.2389256931
1485,184798.23214801075
1486,213558.4049870848
1487,311629.54584706726
1488,268819.3976502643
1489,212636.91042786697
1490,199813.31401193095
1491,212407.2160768318
1492,109268.45463024755
1493,181562.6110590637
1494,284891.4347961416
1495,280105.4723280661
1496,220938.41772063205
1497,218859.55286871502
1498,185932.90676253883
1499,185932.90676253883
1500,166705.21697672398
1501,179249.78720796667
1502,179332.66108814487
1503,261040.2781394343
1504,249746.13572598645
1505,225142.47156622843
1506,212709.53993872262
1507,245112.68309338822
1508,213343.08914005826
1509,174058.88440640096
1510,146883.6483333602
1511,146014.45150141825
1512,168676.8342704879
1513,176483.79334987013
1514,155764.90236280335
1515,192672.34060537023
1516,166911.58758949628
1517,150920.11631457903
1518,175230.35024708929
1519,225860.6370057225
1520,129253.93463734828
1521,133787.4756619524
1522,179414.6097703235
1523,106450.51972967596
1524,117442.09408200101
1525,116056.18746567867
1526,116040.61184432998
1527,93846.39136003773
1528,141592.94979746174
1529,140723.09645560803
1530,175768.37383459823
1531,107460.54651518562
1532,86773.99273493967
1533,154982.23379807628
1534,137815.46747453022
1535,141896.599939737
1536,118539.24520536896
1537,53104.94439261139
1538,188100.1234967924
1539,221423.46038687718
1540,142485.2620303264
1541,160091.43544647866
1542,146935.00191712915
1543,201400.471594483
1544,65610.37243344751
1545,127644.37884193857
1546,147131.6379358461
1547,127309.06626059441
1548,151138.77722450148
1549,118958.21749379404
1550,142559.84694818256
1551,133943.79310111492
1552,138704.25464383827
1553,130216.54120318266
1554,128460.60563426092
1555,163851.1040200193
1556,102366.41125428549
1557,112335.06870353688
1558,117614.88568758464
1559,99298.28988264641
1560,139473.40452206996
1561,143336.23157789384
1562,119104.45161183376
1563,111560.57926485199
1564,164334.78123748186
1565,144651.45204350096
1566,218780.17899843422
1567,75615.60200671782
1568,206049.12088236667
1569,107151.88066742406
1570,141365.3124174102
1571,107883.29568118067
1572,132580.77321964456
1573,226293.07413083047
1574,151364.54807539424
1575,211796.32181250828
1576,223938.06950345368
1577,210133.94457239576
1578,144284.67790276476
1579,140596.54776434577
1580,214212.96331699484
1581,127025.35522094916
1582,124047.28862130607
1583,292973.37541305495
1584,241960.74483075948
1585,150072.80607296852
1586,29504.94154351228
1587,103676.34023270127
1588,137226.7666280733
1589,102968.67409889505
1590,152582.203083131
1591,79504.23947264941
1592,122641.53779581003
1593,128885.8960836794
1594,139208.65859105065
1595,122631.92135888396
1596,220069.25807593507
1597,180850.15517693292
1598,198855.11936780566
1599,208564.0130123588
1600,218142.80601232976
1601,11540.33867847477
1602,140748.58636223525
1603,71169.2002545161
1604,252752.1955382448
1605,261487.2046814164
1606,174424.23381141864
1607,241826.23724889988
1608,220067.0159596732
1609,204431.9164046197
1610,146251.6810684629
1611,146154.8974678208
1612,180566.78915165446
1613,176192.61806280934
1614,117370.26339477825
1615,79813.90874943812
1616,79813.90874943812
1617,94998.26729852764
1618,116645.33663442521
1619,125526.41000956949
1620,216726.90143929073
1621,147170.09567141882
1622,140654.43106778746
1623,256461.28816216497
1624,208094.24051037082
1625,141399.11309592018
1626,187464.70003578393
1627,188557.07012190938
1628,273342.0328305871
1629,193285.01779006398
1630,308880.50470772106
1631,237557.04214116
1632,253847.59330986615
1633,183021.83930154587
1634,188793.45070818125
1635,174784.30474029644
1636,171639.89859185356
1637,184795.15463045752
1638,224145.0202850951
1639,197161.63564384996
1640,253601.65214854083
1641,191905.17091219686
1642,229470.95351894514
1643,252649.28763345536
1644,247263.4240284739
1645,176907.3886875501
1646,165607.4690175422
1647,190902.78244476754
1648,143940.50090198766
1649,127998.52398124547
1650,106061.54075118841
1651,106384.49808429799
1652,130341.54350599425
1653,131238.59544976882
1654,174250.98684782453
1655,178502.34933398955
1656,171560.5863393949
1657,174896.9015140438
1658,171883.54367250472
1659,157907.36217970098
1660,141698.09628336912
1661,343085.98419029114
1662,335082.0566209053
1663,321005.0515508349
1664,378995.2760245147
1665,298333.06655039126
1666,283992.94532402395
1667,297418.1940682095
1668,303449.14580677927
1669,276160.0928154725
1670,303308.19207617536
1671,243225.15001551888
1672,348574.76982457365
1673,286360.0230671378
1674,269255.73782884085
1675,190015.95294139616
1676,193558.53531772213
1677,211668.42045374413
1678,376041.32300595834
1679,299844.63328872016
1680,299101.37614390487
1681,263976.0201591179
1682,266793.10120654595
1683,213487.24146853457
1684,196313.68496610434
1685,177167.0442865705
1686,197299.9401133994
1687,184798.23214801075
1688,209501.67470413132
1689,207249.67122971313
1690,198930.41193269286
1691,189929.0652006754
1692,257716.27536692866
1693,184798.23214801075
1694,177882.219324657
1695,185736.2477041768
1696,257414.0902169036
1697,186244.58490287862
1698,310185.2191490183
1699,293227.161444269
1700,241644.2642921491
1701,271149.44925984694
1702,281407.0483960217
1703,265271.5851504147
1704,274989.77550477954
1705,237983.84567196725
1706,346465.96069455065
1707,219825.2842045857
1708,222368.38466237357
1709,291476.08043756336
1710,247722.57786355948
1711,257190.16577145655
1712,267900.38617758814
1713,243733.38516332477
1714,229251.49842375016
1715,218690.99401987228
1716,205917.79939034954
1717,195625.66565181082
1718,150352.96463184617
1719,219169.42482102837
1720,261012.38535907585
1721,197800.65058002342
1722,126136.95941189246
1723,156084.04910828464
1724,233953.4856832109
1725,236640.3999924136
1726,192466.05086971412
1727,186332.87949447276
1728,202529.73782064894
1729,169041.8089444947
1730,181224.0829131113
1731,123695.95963211241
1732,132276.71931440418
1733,117433.27311231289
1734,122803.20733292436
1735,114261.6716787063
1736,111498.6957918281
1737,288731.4323412153
1738,217951.61739716935
1739,297564.54319643485
1740,220192.92393271893
1741,188395.69248916162
1742,179249.78720796667
1743,199233.84541066608
1744,254482.77665071585
1745,231569.74573090975
1746,254872.1981253135
1747,234738.9331835939
1748,227899.4458087479
1749,155489.537674451
1750,160116.1268401373
1751,234983.36797675863
1752,112864.30096758809
1753,167759.35244695225
1754,229486.9653431914
1755,174945.70859240252
1756,95743.90076970984
1757,110077.30742323061
1758,138398.86624468875
1759,167366.96070662746
1760,156936.31595310604
1761,151886.7511157447
1762,180645.50311690022
1763,175384.83722108463
1764,116502.22929193336
1765,202742.38344567455
1766,184673.8573317238
1767,194618.52137088205
1768,127814.14615464548
1769,191505.66337884625
1770,140222.64057889092
1771,132137.00018016214
1772,146524.41151857597
1773,110299.46185825556
1774,189120.97782684816
1775,142704.3034138102
1776,122148.90683652065
1777,97219.13821640075
1778,115330.05889771029
1779,119569.42715921788
1780,180497.27289252332
1781,127113.43356728426
1782,65370.4302966831
1783,143445.5624037421
1784,65811.3033103213
1785,111013.48438448145
1786,166213.24593610317
1787,184306.08547490742
1788,2258.745532310684
1789,106951.59931002324
1790,34266.8113555779
1791,251410.61218938534
1792,170874.00966134027
1793,154693.18400122784
1794,145669.29265536857
1795,147187.88385933486
1796,131186.3221136427
1797,169121.3659576727
1798,121208.49527680874
1799,95287.10026479466
1800,115824.86909509893
1801,116983.15637741878
1802,170104.5586939297
1803,182777.10469613574
1804,134519.40321645106
1805,142764.93833120645
1806,140383.88416991231
1807,168979.8596473385
1808,108293.88101407106
1809,98603.72545094881
1810,135903.6804534177
1811,93667.56519283191
1812,103713.80329335271
1813,126100.3042783878
1814,75067.36248047219
1815,8878.712456824142
1816,88545.71856915927
1817,120113.7622845748
1818,169026.579341018
1819,130054.40675661888
1820,49660.31946955947
1821,144120.27353228373
1822,159423.60344975186
1823,15599.913000698318
1824,144515.91666619317
1825,126012.726120195
1826,102890.16494483419
1827,105053.9851757848
1828,136104.23897102056
1829,157923.65032577224
1830,177140.87446895544
1831,179352.0357536244
1832,145155.30890402535
1833,167592.04941303201
1834,137513.62771274627
1835,168582.0381812033
1836,169227.7545619437
1837,62739.83849917783
1838,137787.12604383903
1839,65883.14606690512
1840,128537.40857283794
1841,134151.86091585644
1842,103671.89857278683
1843,143882.99024586566
1844,145673.96609973954
1845,149837.37008899043
1846,159168.3588952081
1847,164651.0252092817
1848,-2329.2557413819013
1849,100588.6067211302
1850,125100.4015126169
1851,156234.58452230552
1852,121080.85439182178
1853,129721.73361257417
1854,183679.29827650462
1855,166288.30112214177
1856,224065.00424019038
1857,130702.3107385087
1858,180649.14660129242
1859,132791.42874912405
1860,156012.86961961945
1861,131788.5421620221
1862,289396.6629759115
1863,289396.6629759115
1864,289396.6629759115
1865,306377.11859628116
1866,297843.3362948339
1867,262279.1332053556
1868,268070.7317453197
1869,216042.94929113693
1870,242791.80933031475
1871,260322.2409400656
1872,175558.1768175671
1873,229479.75032407185
1874,136751.27739517693
1875,218959.8507058157
1876,197080.92243389983
1877,220576.50640679104
1878,225429.51887156093
1879,120948.21447539318
1880,126886.51153151528
1881,264628.9595274484
1882,267066.2131716249
1883,218333.3157755921
1884,229976.00691827643
1885,241815.6753637602
1886,265578.890989657
1887,214051.8113960924
1888,265832.54169571714
1889,172796.68489693163
1890,117669.37979998218
1891,159300.01946075866
1892,90320.37897071743
1893,129355.30393532093
1894,151359.35881972592
1895,147710.5243767592
1896,118071.6737364186
1897,118022.76661366213
1898,127738.2673299046
1899,139756.3963488557
1900,144974.21707609214
1901,142142.40990433597
1902,138461.40426433436
1903,226953.96153471456
1904,129676.77664403035
1905,188368.2513018098
1906,141916.71039110865
1907,201101.91147425445
1908,144974.21643973864
1909,155504.59262960975
1910,155504.59262960975
1911,194995.3732648216
1912,259838.56757284887
1913,162672.55084278004
1914,52344.82027457759
1915,251672.68444490607
1916,6792.627591088647
1917,264642.80888005276
1918,142974.05210334517
1919,170362.03828831145
1920,189848.4586694633
1921,319772.81718492624
1922,294395.9103306477
1923,204821.81438188546
1924,222332.0843785681
1925,230243.8306691508
1926,319015.29939786054
1927,126744.90017734654
1928,156376.26869183627
1929,111025.22361052223
1930,147637.55234385654
1931,140592.86312147207
1932,141172.28190365387
1933,176456.8203651174
1934,187934.92124467262
1935,172944.50103312917
1936,188359.54601752246
1937,184569.19880000385
1938,162804.6579261215
1939,252915.59550844354
1940,223958.11036277702
1941,189210.41430539137
1942,185955.3696163179
1943,224670.3602490339
1944,291166.028510135
1945,298877.05492874014
1946,184098.97175507038
1947,282142.09961049363
1948,194100.41048113885
1949,230335.20860311156
1950,203161.79371389223
1951,253998.30408740207
1952,235359.6304642919
1953,169377.20038558228
1954,220308.1900026676
1955,139160.4247334795
1956,313673.07003742224
1957,186002.0944178932
1958,286836.6163911711
1959,167699.19695725047
1960,96047.27911846631
1961,127576.23234575277
1962,130341.54350599425
1963,134491.95352146006
1964,127578.89729947387
1965,171931.34607057925
1966,179101.96864637698
1967,269842.6207118633
1968,316438.11503856897
1969,306212.34728114365
1970,347272.10957718606
1971,379981.63844223705
1972,325625.0648479491
1973,265575.7888029219
1974,285442.74813980935
1975,366587.6096296172
1976,259923.55877940194
1977,306078.1040059668
1978,317704.12245606794
1979,308913.24506413797
1980,211826.28808072594
1981,308000.7579789995
1982,234977.66941484762
1983,234977.66941484762
1984,208520.69731100928
1985,224436.40343410068
1986,230985.99738100788
1987,198994.00160676416
1988,179053.0623066054
1989,210480.32902526984
1990,224819.47712551802
1991,211668.42045374413
1992,222537.9794780478
1993,193604.94844357064
1994,241514.1732617789
1995,208699.39690402418
1996,265497.7406855237
1997,303129.1939000742
1998,297200.9479146026
1999,241136.629706369
2000,292161.8375916581
2001,254342.87483588012
2002,234683.72706794273
2003,275227.25944105966
2004,267369.22444498714
2005,239529.85386718228
2006,239085.98193703103
2007,262749.5669519183
2008,201112.5797094301
2009,195620.14383889013
2010,212054.19014800084
2011,151844.39028983028
2012,198331.01569770533
2013,186331.38951159245
2014,189385.0370159808
2015,209058.78519486287
2016,198243.78462108516
2017,213321.4971100553
2018,123480.51117079915
2019,116416.5987149094
2020,114770.9926239663
2021,109742.45771982323
2022,184953.0826379964
2023,163108.67671805504
2024,235106.34030213475
2025,333881.2114911609
2026,203445.5463302834
2027,165064.1298341935
2028,200764.40995974652
2029,180335.73064835707
2030,271225.3563777985
2031,251111.1542391238
2032,260788.94815891352
2033,265331.3644712231
2034,194369.23968493752
2035,221141.17000087374
2036,231439.11907637492
2037,232396.41990951775
2038,329123.95195287606
2039,219436.58034347405
2040,327738.41533126996
2041,243220.89171933685
2042,220774.2848751255
2043,184758.774715669
2044,204756.2219826649
2045,221721.8371017255
2046,174257.7513991748
2047,145514.94506280904
2048,129530.30783056328
2049,186013.99700735335
2050,200105.68253458652
2051,93862.523147856
2052,135175.80174962827
2053,125621.87252429582
2054,67836.71578109672
2055,157418.47029201046
2056,119736.94771423715
2057,120165.04841454909
2058,200056.79712831287
2059,130062.88367208047
2060,154956.63384133403
2061,182181.9278317769
2062,129467.82154402882
2063,101847.19123568223
2064,144608.251633983
2065,119514.3617230138
2066,188720.57128554513
2067,131092.9668102176
2068,185352.0454784179
2069,69729.74344147462
2070,108819.60291891068
2071,69552.56510469795
2072,184834.86176327558
2073,125553.80569751875
2074,192436.3012607419
2075,151234.68946559064
2076,121941.88685406034
2077,137173.3134858309
2078,121792.22517634847
2079,160894.6991514376
2080,135367.8340758111
2081,144838.58743790817
2082,160390.75205269188
2083,148310.78679099283
2084,107916.93318810582
2085,126522.01109274966
2086,143801.27993466274
2087,130180.93519341829
2088,113722.10134925088
2089,88100.94593290368
2090,140897.60131114942
2091,90837.9865249045
2092,125094.87272981263
2093,134862.52588891028
2094,133190.0264835559
2095,179094.2158753418
2096,81492.29748470301
2097,77816.4067289934
2098,164269.43978068547
2099,10333.31048000569
2100,73171.95650296775
2101,130937.0616970004
2102,160006.57491775125
2103,86006.94848313706
2104,173056.189172365
2105,101037.67373229179
2106,45439.68580945837
2107,217638.5624640584
2108,118325.31912822754
2109,99117.49186989747
2110,115100.6465299147
2111,177299.2771852247
2112,143405.04012855922
2113,112135.69937812968
2114,118968.26862795441
2115,161217.7268025966
2116,107767.83302071784
2117,171610.30162974377
2118,141239.557233616
2119,122843.23913642159
2120,108996.18626166333
2121,64722.934946433874
2122,89315.89409522235
2123,75683.45402143104
2124,206757.30379402067
2125,165844.96910252888
2126,174141.30526465597
2127,178883.17648829636
2128,143764.77944201604
2129,122014.9206833723
2130,157419.79002957128
2131,189969.97460825846
2132,122144.14896727307
2133,132995.58083139616
2134,139877.40294227167
2135,94175.2549603493
2136,53105.47877979069
2137,115619.29692566197
2138,130406.06006306713
2139,160261.1261053232
2140,120747.17316192156
2141,145535.08003824472
2142,125094.57178591029
2143,144696.7294980666
2144,124832.72888803156
2145,117560.87636070512
2146,163851.22022505442
2147,169492.51513991272
2148,135968.17753825674
2149,146156.83504738938
2150,213915.54374802578
2151,148904.5758975749
2152,134671.15213514597
2153,154153.17041644244
2154,99587.83903297014
2155,143651.91439057956
2156,253263.1237446519
2157,228061.85776066827
2158,231500.92712716712
2159,222764.4871404717
2160,194864.62621262285
2161,270026.6414160603
2162,361461.91285156866
2163,302081.20311771065
2164,253762.44499389094
2165,184000.2145772801
2166,141224.64474375232
2167,216509.72966086562
2168,200720.96977019927
2169,212102.06885157363
2170,228055.16327609587
2171,141528.49885109777
2172,143439.54902368586
2173,154581.01340779942
2174,248555.0028399747
2175,291377.1142870763
2176,272405.8657541502
2177,255126.92673482082
2178,241073.8364099859
2179,150395.7634060781
2180,232471.93270573835
2181,216152.86627768178
2182,242787.8161864729
2183,218233.3740961795
2184,125772.5473202042
2185,123790.73141810612
2186,163579.6084853371
2187,164329.92657305812
2188,163645.5781397716
2189,242872.3075188595
2190,66055.88677860214
2191,66055.88677860214
2192,66438.28363932506
2193,89795.9233466934
2194,82990.35168151185
2195,89926.08790232241
2196,92603.11846355419
2197,93501.49125557323
2198,175335.33316622628
2199,181997.23639126832
2200,139224.57847222395
2201,135295.20224631217
2202,185166.89101187314
2203,166271.24819753144
2204,151269.9960795195
2205,122787.69273620204
2206,146117.88574375387
2207,230270.27276527858
2208,218993.0580904811
2209,190115.3620300563
2210,145482.55363844044
2211,118068.88612196711
2212,128645.27432333142
2213,98427.16751239565
2214,142192.76636658434
2215,97580.21352730854
2216,169561.6338724686
2217,6177.578278506757
2218,68624.83126762847
2219,63990.79810330004
2220,65317.36682134878
2221,253858.53439932363
2222,229374.61132237234
2223,266524.6574318382
2224,235868.3252726288
2225,151454.98830313399
2226,163010.164849077
2227,211138.64301611693
2228,260039.3079031693
2229,248650.55795556447
2230,145419.78389923915
2231,219998.08329750772
2232,191926.76452748582
2233,181647.32333086268
2234,236340.29347671522
2235,207167.52516422456
2236,263917.7570684557
2237,294792.03828157193
2238,222911.87646677718
2239,125593.69593197189
2240,171139.64223059267
2241,141146.66877095005
2242,137050.9490821833
2243,138565.27574423968
2244,90676.52360013849
2245,89195.07227752765
2246,129648.558431788
2247,123187.20165662852
2248,112292.39506157476
2249,113962.70722383948
2250,128237.61929710128
2251,131185.04111395287
2252,196859.54180071573
2253,161293.31689567876
2254,175047.87979798357
2255,192559.98513812083
2256,198497.43465237936
2257,222140.5360582344
2258,191562.66125971428
2259,183877.92384374607
2260,163800.5497022448
2261,214101.60799543618
2262,223813.77104876505
2263,294933.58967508934
2264,360548.33592196053
2265,170731.28905608633
2266,275032.4323317666
2267,303819.06515163323
2268,327375.3037329118
2269,177944.24018186552
2270,194320.10794958414
2271,229494.56852976303
2272,215353.9893897134
2273,170796.72463031695
2274,178794.51117686578
2275,202308.51044610003
2276,202417.01661589474
2277,197524.1533243662
2278,154102.13401372952
2279,120116.53282339545
2280,91036.47801667685
2281,188653.23199707805
2282,189494.61561348545
2283,136100.25010217144
2284,145246.76360764983
2285,173412.93193669023
2286,123504.30761674372
2287,297297.27988786134
2288,274726.95536311227
2289,308312.11866324407
2290,355003.9891823112
2291,290728.7501836631
2292,340896.29685842583
2293,359078.2933585377
2294,342195.4350386362
2295,375258.05924680585
2296,286828.9320515753
2297,272036.77112608124
2298,302681.06180075207
2299,334938.057508579
2300,294599.48379725637
2301,258039.18730208685
2302,248831.93113569357
2303,260908.01726283378
2304,272685.64073239174
2305,192649.61324903287
2306,192649.61324903287
2307,189070.87738801178
2308,253463.35319034557
2309,272710.47467699414
2310,233740.4676590981
2311,213487.24146853457
2312,188758.76400652027
2313,180203.05529671744
2314,197203.45064892853
2315,179995.91520483396
2316,185936.99758364086
2317,182936.44604586018
2318,181053.21180039726
2319,197467.9368310254
2320,203584.14482143964
2321,250816.62755566125
2322,200650.08912103588
2323,185494.31481263903
2324,184798.23214801075
2325,225203.5983318534
2326,185386.98989408487
2327,223087.21847506927
2328,225119.6590363218
2329,191146.19948205235
2330,190243.144024294
2331,316362.4097170279
2332,347263.7928477704
2333,300581.7002073935
2334,254901.14503269095
2335,262496.5029714495
2336,305344.46202164004
2337,218760.54971298634
2338,264399.0963237451
2339,244587.98586225323
2340,348125.6323064858
2341,224324.77462261578
2342,244771.43902180123
2343,230659.2021849507
2344,235619.73450467095
2345,272005.2297101804
2346,237465.71157822583
2347,214575.6441340223
2348,247523.70091995178
2349,170206.398083359
2350,267642.7389687423
2351,253939.32392483065
2352,264043.27795094263
2353,247740.7704370845
2354,147012.34030731698
2355,171159.6120963958
2356,153719.55610650463
2357,223918.19679441687
2358,196172.80063578172
2359,149689.21937652782
2360,117952.5423454527
2361,144296.1533661387
2362,259500.77669545054
2363,133065.09850527672
2364,160558.99564888747
2365,236297.82106142573
2366,218263.08183713816
2367,245293.55467612098
2368,210203.23699304764
2369,248155.8811996983
2370,178147.61445831647
2371,182030.51819947665
2372,215997.69184448803
2373,259627.4761986921
2374,304280.17773255554
2375,236899.8106955951
2376,266960.64541584987
2377,311862.58108237595
2378,153702.15018137218
2379,222984.25818988436
2380,155702.80598037457
2381,174983.1847612242
2382,208196.9941256272
2383,222943.28425358736
2384,234597.0017233796
2385,159206.2577682532
2386,145635.25718122942
2387,125705.85683803086
2388,99186.54859284265
2389,123849.24141137884
2390,132157.47164112818
2391,141793.41583515063
2392,112665.60256207013
2393,184913.9458592321
2394,153141.2117862322
2395,203982.05877046753
2396,161171.5030918729
2397,194310.53601299284
2398,115344.76769140433
2399,34229.388536636834
2400,27237.06185228913
2401,105905.27796112222
2402,125759.93218569388
2403,186415.7361116443
2404,136951.40298917796
2405,168918.59523500397
2406,135927.77008055558
2407,119006.04946989787
2408,143879.9036211865
2409,131068.96955769777
2410,188430.1435809069
2411,113417.93174775981
2412,141692.7630975739
2413,134402.98991514777
2414,122782.77622910019
2415,167529.37706053432
2416,139966.98797317385
2417,140665.87572197057
2418,110454.4863945453
2419,128192.53985457949
2420,117100.28704968828
2421,126796.72049349756
2422,117633.98856942134
2423,84344.87682558515
2424,158876.16147148528
2425,246357.96358932985
2426,118374.26270082814
2427,101330.80489163077
2428,185774.2119015936
2429,109656.85714058252
2430,139207.52520226606
2431,126710.61567961622
2432,121056.04942008213
2433,132311.79153396818
2434,137194.8411450031
2435,147846.3647496194
2436,93097.69046675286
2437,110334.50734437676
2438,114052.40497152216
2439,117095.31725908071
2440,153811.0837993509
2441,102684.38691251911
2442,98054.7986686955
2443,115735.87912115536
2444,114518.67286981049
2445,72806.23902902845
2446,120010.51539528219
2447,222815.29246719473
2448,156607.06505630387
2449,114030.73150039138
2450,161832.9105065182
2451,120557.11256115639
2452,212677.1539407455
2453,73827.20227597014
2454,94123.01462070341
2455,105531.6167665975
2456,134264.95007406257
2457,115880.0277389402
2458,130848.59726551617
2459,101536.13642736583
2460,160445.14893782826
2461,118628.73795014562
2462,124726.7713836485
2463,119538.21983546845
2464,193383.8946934694
2465,153414.87166180194
2466,131009.07797696954
2467,167732.25442621228
2468,96668.7433882727
2469,105054.59983668837
2470,214672.78564123216
2471,201286.49659147963
2472,204335.72729958384
2473,115322.06148463499
2474,97924.23805092066
2475,222234.7566429195
2476,115740.83099630033
2477,118935.22183202172
2478,164786.72782768414
2479,106901.82460355817
2480,133661.8449843619
2481,122198.4089147055
2482,125536.39837767347
2483,112529.34175057162
2484,129274.32549866883
2485,115993.04947608779
2486,141868.78801543394
2487,193367.74569985992
2488,157761.9418295779
2489,161323.34060956025
2490,130528.35373927758
2491,78199.79409379244
2492,190277.79582471855
2493,131620.87764700863
2494,166220.23829271644
2495,94545.76975628431
2496,223603.70811996667
2497,168480.9207504756
2498,114380.21859830676
2499,72164.29753619584
2500,128863.99843320914
2501,137704.8752833421
2502,137778.51681816054
2503,100572.27076176228
2504,200105.1218394338
2505,222366.60977796197
2506,272620.86583145405
2507,307313.7468884173
2508,272620.86583145405
2509,239989.692806841
2510,251886.30831092154
2511,207192.49408066028
2512,224819.29410814436
2513,226126.27461456403
2514,231818.1533530174
2515,154556.69918331993
2516,169078.07452675398
2517,133904.5890824471
2518,134686.5926307235
2519,229926.1763796577
2520,217805.46783599327
2521,214853.0826827744
2522,223123.98940369592
2523,122999.29106151313
2524,130543.70270403835
2525,140146.08072874136
2526,150354.45999607618
2527,118128.49896243762
2528,122638.46208523517
2529,127899.18967886257
2530,103847.88688856026
2531,236276.4695300673
2532,234360.07446175802
2533,218571.9425707832
2534,244097.19725587568
2535,288253.7029783074
2536,231978.27737482172
2537,228201.71731675277
2538,206337.85409963364
2539,203952.73926842026
2540,186025.18937610823
2541,203241.99012473982
2542,159011.32103526243
2543,121473.13582123886
2544,116350.43962268543
2545,135776.92124671617
2546,169204.81778264698
2547,158370.34741555608
2548,173709.5208693936
2549,156913.52458179614
2550,566667.1854793403
2551,159300.01946075866
2552,120945.74925632286
2553,66055.88677860214
2554,113962.6663766884
2555,109320.46312849165
2556,83384.51929923787
2557,98777.16220077558
2558,172555.86136463773
2559,136954.1601802518
2560,131383.55649484915
2561,141377.20107139437
2562,134546.814842051
2563,139486.6595654632
2564,179508.59607786057
2565,108672.80106438766
2566,118740.09190994618
2567,135671.83931638638
2568,193257.23871146468
2569,190458.5705812591
2570,146075.16843990982
2571,173855.13149043708
2572,203587.90294752247
2573,230626.59201456024
2574,274170.7801723676
2575,158743.67910591315
2576,119693.1301676234
2577,127612.81052762212
2578,84255.2676831797
2579,16533.88236295455
2580,128268.95543364715
2581,123548.43813493825
2582,101655.10355067684
2583,250429.69655998435
2584,170767.4495777567
2585,179764.91699768452
2586,217431.09802192147
2587,215497.09383547842
2588,162455.30529994948
2589,157135.36594722944
2590,216646.67997836426
2591,197759.1078687274
2592,231688.89044219826
2593,247379.8143308392
2594,199453.37129459437
2595,226243.3704920957
2596,280769.6182114589
2597,200673.4168784864
2598,255882.79659889534
2599,329909.13260990195
2600,136352.95084349753
2601,154533.80823807255
2602,93320.75454281177
2603,89982.58532430942
2604,79813.90874943812
2605,96290.09663096606
2606,142629.0772793222
2607,180479.82461229595
2608,178261.35803387687
2609,149693.3110155298
2610,93622.1364010335
2611,142675.23879517114
2612,144974.62546706002
2613,112292.39506157476
2614,118183.0386946284
2615,164788.7940647708
2616,141181.32439405064
2617,202689.18843348417
2618,186370.1900957598
2619,234585.1464694112
2620,178159.59879950027
2621,184597.65410703002
2622,191649.6970798889
2623,260194.87346981966
2624,272745.3716316733
2625,312538.0408231735
2626,168773.15238711413
2627,214531.1457566676
2628,330605.4447837458
2629,386589.468069774
2630,308340.48251279106
2631,360389.51207548205
2632,329775.16890784027
2633,279737.7698729674
2634,307733.1527541744
2635,165699.30630425876
2636,215573.47242855967
2637,186810.46692426503
2638,248654.75762377866
2639,189125.86251566804
2640,161358.90890473593
2641,106840.35562388971
2642,197813.051728055
2643,145046.98479932232
2644,141855.60382851423
2645,132233.39803920302
2646,128240.74176847667
2647,135777.29276906187
2648,158226.5877509527
2649,137924.31212614512
2650,172628.13120897615
2651,172254.30340368883
2652,336465.59420557425
2653,270077.30922727915
2654,257172.16001816932
2655,319196.2711139732
2656,295499.36956556595
2657,294626.9848881534
2658,274375.5359055054
2659,282241.1366825226
2660,297077.80575256096
2661,305839.13518824696
2662,299150.50121878856
2663,272175.73390726594
2664,271363.2653629541
2665,297554.67213198484
2666,279709.87827654846
2667,175121.95070464956
2668,201050.89220441133
2669,185241.91845390678
2670,278786.20580431796
2671,201050.89220441133
2672,206220.59481143812
2673,213073.21241959964
2674,214828.0197528595
2675,194124.58245956886
2676,207427.4758795112
2677,201209.48795471538
2678,255749.32083582343
2679,271426.6671956936
2680,280571.29168080294
2681,339172.89869813155
2682,303411.7232074286
2683,381176.57287504675
2684,295274.2219060416
2685,303729.7905556713
2686,268082.39440346323
2687,276737.3808527655
2688,244079.1364217864
2689,232307.07631443534
2690,344695.7846877427
2691,201421.03170387913
2692,149576.18707095622
2693,220601.20744298247
2694,148820.11933133146
2695,214231.507544643
2696,206489.70660646353
2697,209985.36800259678
2698,189619.5646505576
2699,190869.28593222098
2700,175803.13652449043
2701,167408.53625509667
2702,135632.58033003157
2703,165268.6692088847
2704,140487.8729716019
2705,120364.73056662525
2706,114740.26845568186
2707,124508.61073619337
2708,123012.40036188404
2709,99334.51305076317
2710,116265.48323751881
2711,272293.0804844686
2712,315102.14152753004
2713,200403.92471383978
2714,187304.3364367095
2715,179796.8162554768
2716,179332.66108814487
2717,203135.63878818904
2718,249608.31020522618
2719,146763.87675411464
2720,196929.8701645953
2721,135800.48408939154
2722,166403.018688382
2723,151837.21103522344
2724,114731.2680291027
2725,122954.47665433027
2726,144916.89360672084
2727,173171.41975797887
2728,170864.31812079775
2729,143359.62271106243
2730,135675.56037518627
2731,116439.21072377451
2732,114295.41728092101
2733,152380.55180136894
2734,152430.73876042862
2735,126560.84396345261
2736,138768.5019359464
2737,109954.6348295086
2738,173203.937236664
2739,165900.8836872069
2740,148660.19888728147
2741,140684.96352209058
2742,167561.58276429947
2743,136258.8064899497
2744,150458.37910700776
2745,141320.33132473868
2746,116290.87598109443
2747,150773.86167140794
2748,127999.36885402584
2749,119359.02009584499
2750,121575.6270598257
2751,106936.63602078648
2752,226268.0905490258
2753,166198.55398062372
2754,246884.49915135396
2755,163298.45578354935
2756,51151.85252984194
2757,65657.30710096308
2758,52213.9641848515
2759,157902.66486766806
2760,136119.41932575428
2761,149773.72279998905
2762,151910.16406190547
2763,190327.24720499082
2764,170113.88057950814
2765,247664.78227777116
2766,131684.53569557797
2767,58477.2493562412
2768,143296.8375860887
2769,129364.3089222887
2770,177053.81730527792
2771,112469.52357892424
2772,106455.47607341595
2773,157073.8655025398
2774,147774.42155773006
2775,111568.80952625489
2776,140110.19258381566
2777,169221.64855965762
2778,135607.51805075072
2779,135708.99446319416
2780,130089.40725647961
2781,93045.387251948
2782,90495.8445834791
2783,66000.73942005588
2784,129007.32437999663
2785,136882.29977334582
2786,24362.582210686174
2787,142626.38754099805
2788,49528.34238511301
2789,208834.86622485286
2790,94764.49715675705
2791,132416.21493309387
2792,49518.217739308486
2793,160037.5603067152
2794,66222.86086592113
2795,112327.11118024983
2796,90815.8488682278
2797,237712.2197407378
2798,101321.5408466343
2799,108830.61167860078
2800,73571.35951405729
2801,130151.2907295035
2802,130571.25980905676
2803,220148.3260945687
2804,126917.34355115774
2805,87545.1266847282
2806,96039.33791257767
2807,179197.27674127207
2808,137591.07063454075
2809,138609.26377569907
2810,124622.68593847391
2811,157331.05799110408
2812,163307.28641451406
2813,206520.1098632681
2814,205587.9104267396
2815,100035.34028957633
2816,233078.6798606423
2817,134289.48656000232
2818,123216.49212486215
2819,195514.69107570825
2820,121773.0827372704
2821,111392.4234452399
2822,194754.54463477305
2823,302842.25762959896
2824,176057.7882810717
2825,129530.12459286221
2826,121034.35585225839
2827,166288.26728655468
2828,229373.10626502335
2829,211717.93115530896
2830,252167.19794066076
2831,208421.06311239104
2832,224208.51869090716
2833,261607.72825393162
2834,230035.2645322259
2835,233480.1477349006
2836,215175.37879911275
2837,182060.2158976564
2838,146076.211294787
2839,179298.59041955974
2840,218991.33376581594
2841,216725.61702965898
2842,224225.48054303834
2843,157051.8012970155
2844,178985.72026169905
2845,113716.58183508355
2846,221780.1037099379
2847,196523.6077361803
2848,226854.2228001071
2849,226394.31204811297
2850,271514.5680602427
2851,232154.38461653795
2852,232004.609249749
2853,233514.0821274356
2854,150072.80607296852
2855,215862.09923671174
2856,221850.14275797934
2857,213927.48375343368
2858,210610.55868126475
2859,106957.19459960598
2860,131108.6290792334
2861,137395.06462056772
2862,220947.21508187917
2863,132936.0928321333
2864,250242.04348078673
2865,159300.01946075866
2866,212617.32399958768
2867,80873.92436842294
2868,150099.08349892776
2869,118562.7420563926
2870,133816.84743062605
2871,86351.5307942552
2872,4719.545385513455
2873,84287.1005778769
2874,136636.39715265832
2875,153212.10406765738
2876,164486.31505810947
2877,140922.30373916344
2878,172653.21714271314
2879,131511.23296883598
2880,119209.83507814643
2881,149365.9292930679
2882,148867.26969397115
2883,191476.13867632172
2884,186223.7300767029
2885,163648.99047192128
2886,183070.68506228284
2887,107557.64107043797
2888,149798.68561243068
2889,43495.97692824935
2890,60747.45483560336
2891,173143.89839961263
2892,21361.98087703716
2893,112356.1824380823
2894,26432.367500220193
2895,257081.3595826293
2896,252752.1955382448
2897,204647.59055222047
2898,209038.5858180418
2899,240554.14075746015
2900,170493.25934580434
2901,195228.98400755797
2902,190273.2496948921
2903,280098.4413767166
2904,296648.2790800432
2905,34346.55241617875
2906,222709.66465451312
2907,123483.00916813186
2908,112423.10656340513
2909,200298.5123207051
2910,60697.695281223394
2911,93320.75454281177
2912,142896.2013342356
2913,94352.35263230838
2914,79813.90874943812
2915,79813.90874943812
2916,94352.35263230838
2917,148767.73679653776
2918,111021.29210746475
2919,236657.19170226145
